55 94 16 221 263 362 435 319 149 421 192 1 166 26 34 218 144 431 144 40 202 401 363 374 336 34 423 114 26 189 305 475 228 131 417 102 85 211 151 370 226 314 275 418 423 328 292 40 45 213 112 264 23 66 233 461 33 110 49 437 400 468 115 220 260 329 465 220 408 279 0 360 13 47 247 462 85 296 218 55 105 87 142 206 123 219 2 183 365 229 388 42 488 218 165 309 30 71 455 40 8 223 83 476 309 261 343 129 237 210 496 129 32 383 107 429 479 192 44 337 225 396 255 115 474 241 59 428
307 179 297 41 274 94 342 15 361 191 220 224 222 331 239 143 36 32 73 219 127 121 248 224 473 86 12 381 57 470 43 462 203 93 259 313 67 14 90 377 61 430 188 55 171 362 456 254 5 169 311 142 387 109 262 364 334 288 193 308 328 480 356 240 40 111 399 395 431 252 322 233 240 58 409 68 298 466 308 273 367 355 256 245 453 60 150 107 303 150 303 199 129 182 268 464 177 225 38 317 46 265 442 291 95 65 432 329 287 281 428 254 21 109 66 463 242 35 391 404 349 188 64 178 381 288 8 246
356 422 15 163 0 206 192 344 112 172 368 458 289 66 156 468 341 383 57 340 157 107 156 185 422 74 22 355 298 18 324 331 389 366 276 3 83 43 130 270 129 317 224 32 360 492 25 452 358 384 330 251 39 216 257 22 253 59 406 294 478 456 387 210 375 459 127 231 87 485 446 28 265 58 136 247 329 206 228 454 59 477 155 340 359 435 23 493 292 142 450 352 162 498 317 431 28 309 392 346 100 483 88 268 445 495 388 469 300 325 74 403 26 154 140 67 68 163 130 324 222 399 480 498 317 213 89 230
453 257 27 250 53 248 345 29 277 426 432 65 14 415 413 189 346 298 119 466 488 269 319 1 412 229 299 301 13 390 441 269 64 297 131 199 440 406 346 317 215 178 208 462 337 183 361 215 54 138 372 47 412 1 250 327 132 493 491 391 58 278 246 401 334 94 231 281 327 318 441 361 439 72 107 76 338 467 172 392 190 67 251 70 230 478 352 223 142 444 83 449 213 473 393 447 242 166 36 204 289 231 235 267 176 346 211 421 145 449 202 204 211 120 11 127 499 399 310 288 175 186 60 208 223 140 5 197
471 388 339 14 223 113 241 65 185 93 258 35 341 185 97 171 329 4 23 470 280 402 366 330 262 277 384 227 327 38 172 96 123 358 448 468 343 43 158 245 148 362 318 346 127 93 412 487 42 329 439 94 9 85 191 488 463 397 137 428 433 152 478 167 8 235 259 398 43 3 176 364 97 111 184 420 374 385 318 1 456 406 359 363 132 144 312 418 419 492 360 196 43 64 111 353 320 311 16 160 295 56 273 438 364 250 327 100 82 133 495 232 14 216 46 355 282 457 190 347 233 96 160 2 454 145 21 238
394 474 52 91 145 352 213 403 252 69 128 200 181 58 125 274 49 254 157 361 270 197 217 239 205 491 251 48 362 465 261 376 92 316 370 352 72 158 153 387 313 313 161 456 24 27 88 152 341 201 319 376 380 231 459 409 13 179 32 399 190 32 84 186 258 247 411 244 398 400 356 104 286 218 335 102 66 139 320 27 203 250 275 199 481 339 101 352 350 249 144 75 343 78 194 74 481 26 385 267 400 185 331 368 322 8 160 83 365 94 64 151 402 328 250 377 216 8 285 365 450 240 268 304 456 299 68 1
405 269 137 350 297 7 173 39 325 354 396 248 62 236 381 483 240 222 173 208 279 159 62 213 5 495 7 454 117 393 362 366 453 363 200 166 16 431 3 214 330 407 201 282 113 441 242 209 158 376 454 143 474 269 223 124 175 224 443 61 439 282 189 321 128 328 485 432 254 456 362 87 221 169 92 171 438 302 224 144 95 283 343 24 425 275 450 373 457 448 469 158 245 336 455 362 271 283 407 145 296 343 224 304 351 296 479 7 459 101 236 433 277 451 128 294 309 151 420 315 158 169 136 60 11 430 298 211
467 186 178 297 88 434 100 285 373 46 5 419 112 77 7 273 15 311 183 412 90 447 144 408 249 416 151 282 362 143 54 438 222 469 401 382 429 466 267 44 483 221 366 153 432 251 183 179 297 64 464 103 409 202 492 198 10 412 81 152 198 384 96 319 225 237 20 21 377 179 14 363 376 370 224 250 379 203 174 314 114 389 466 246 369 376 385 431 466 167 169 235 112 407 161 412 54 85 305 137 150 20 191 214 272 171 330 370 224 484 430 470 415 396 466 286 277 146 436 325 363 97 29 320 73 399 161 76
91 406 433 312 126 116 459 187 245 220 315 96 326 350 2 389 454 383 439 48 250 409 370 219 271 298 417 319 151 203 56 94 38 196 379 321 483 167 236 419 102 394 96 50 282 220 150 49 48 209 363 485 133 122 482 443 411 465 157 344 173 130 0 420 423 126 18 43 199 272 235 214 371 370 282 495 279 245 382 295 115 199 257 96 382 270 344 251 250 392 263 339 450 301 487 110 153 436 33 276 323 60 213 52 375 95 386 268 314 127 266 291 266 447 412 263 6 481 18 171 295 337 492 80 181 24 242 129
56 56 57 360 215 95 280 115 404 334 487 469 495 47 282 48 75 100 264 416 100 276 316 454 203 445 487 67 316 243 274 254 323 51 417 281 255 341 177 157 370 100 204 497 223 385 291 481 29 230 80 415 267 112 325 168 146 278 298 447 0 109 397 189 282 36 247 75 211 487 257 69 316 423 475 350 144 189 153 210 370 91 84 247 358 22 405 148 222 68 76 30 486 9 270 100 162 161 426 457 270 31 423 73 162 333 244 244 202 246 412 413 432 127 98 169 387 467 1 33 179 41 185 188 47 457 30 110
